-448070.0
-216561.0
-149083.0
-102449.0
-87033.0
-79457.0
-68922.0
-65589.0
-57039.0
-57779.0
-53398.0
-47533.0
-50681.0
-43436.0
-41338.0
-38539.0
-37818.0
-39258.0
-37374.0
-33964.0
-33985.0
-32953.0
-34132.0
-32400.0
-31902.0
-30255.0
-30536.0
-30360.0
-28635.0
-26988.0
-28312.0
-25763.0
-27616.0
-25196.0
-23916.0
-27230.0
-24921.0
-24460.0
-22577.0
-24796.0
-23265.0
-21943.0
-23169.0
-22606.0
-21887.0
-23884.0
-21113.0
-21112.0
-19861.0
-21140.0
-20681.0
-21226.0
-19253.0
-20145.0
-19453.0
-19741.0
-18753.0
-19401.0
-18904.0
-18797.0
-18378.0
-18766.0
-19160.0
-17427.0
-18090.0
-17529.0
-18229.0
-17991.0
-18335.0
-15945.0
-17263.0
-17929.0
-16421.0
-17394.0
-17229.0
-16499.0
-15907.0
-17567.0
-16042.0
-16832.0
-15137.0
-16899.0
-15629.0
-15317.0
-15317.0
-14890.0
-15237.0
-14891.0
-15143.0
-15892.0
-14721.0
-15691.0
-13561.0
-14824.0
-14326.0
-14699.0
-13859.0
-14701.0
-13941.0
-13999.0
-13256.0
-13318.0
-13905.0
-13845.0
-13611.0
-13124.0
-13388.0
-12392.0
-13359.0
-12771.0
-12250.0
-13026.0
-13382.0
-13985.0
-12357.0
-13518.0
-12785.0
-13701.0
-13447.0
-13178.0
-12293.0
-12453.0
-12592.0
-12580.0
-12028.0
-11414.0
-12311.0
-11739.0
-11765.0
-12409.0
-12452.0
-11814.0
-11305.0
-11192.0
-11708.0
-12115.0
-10923.0
-11468.0
-10996.0
-11400.0
-11684.0
-10928.0
-11909.0
-12189.0
-11705.0
-11007.0
-11695.0
-11097.0
-11032.0
-11162.0
-11110.0
-10817.0
-11343.0
-11209.0
-11378.0
-10747.0
-10321.0
-10880.0
-10920.0
-10990.0
-10801.0
-11231.0
-10386.0
-10784.0
-10865.0
-10885.0
-10648.0
-10114.0
-10628.0
-10301.0
-10411.0
-10118.0
-10223.0
-10625.0
-10226.0
-10229.0
-10423.0
-9713.0
-10028.0
-10514.0
-10625.0
-10305.0
-9897.0
-9825.0
-9861.0
-9528.0
-9524.0
-9972.0
-10419.0
-9973.0
-10811.0
-10034.0
-9974.0
-9761.0
-9767.0
-10095.0
-9469.0
-10063.0
-9572.0
-9225.0
