448070
216561
149083
102449
87033
79457
68922
65589
57039
57779
53398
47533
50681
43436
41338
38539
37818
39258
37374
33964
33985
32953
34132
32400
31902
30255
30536
30360
28635
26988
28312
25763
27616
25196
23916
27230
24921
24460
22577
24796
23265
21943
23169
22606
21887
23884
21113
21112
19861
21140
20681
21226
19253
20145
19453
19741
18753
19401
18904
18797
18378
18766
19160
17427
18090
17529
18229
17991
18335
15945
17263
17929
16421
17394
17229
16499
15907
17567
16042
16832
15137
16899
15629
15317
15317
14890
15237
14891
15143
15892
14721
15691
13561
14824
14326
14699
13859
14701
13941
13999
13256
13318
13905
13845
13611
13124
13388
12392
13359
12771
12250
13026
13382
13985
12357
13518
12785
13701
13447
13178
12293
12453
12592
12580
12028
11414
12311
11739
11765
12409
12452
11814
11305
11192
11708
12115
10923
11468
10996
11400
11684
10928
11909
12189
11705
11007
11695
11097
11032
11162
11110
10817
11343
11209
11378
10747
10321
10880
10920
10990
10801
11231
10386
10784
10865
10885
10648
10114
10628
10301
10411
10118
10223
10625
10226
10229
10423
9713
10028
10514
10625
10305
9897
9825
9861
9528
9524
9972
10419
9973
10811
10034
9974
9761
9767
10095
9469
10063
9572
9225
